scrp_date,scrp_time,genre_en,genre_jp,rank,media_jp,title,link,date_original
2025-11-26,03:10,TTL,総合,1,スポーツ報知,原因不明で発症…樽美酒研二の病気に心配の声「嫌な予感して起きたら」顔面に異変…ＳＡＳＵＫＥも欠場へ,https://news.yahoo.co.jp/articles/f0e2605868a99079258115f1cfc604a081202ee2,11/25(火) 19:55
2025-11-26,03:10,TTL,総合,2,西スポWEB OTTO！,「タッキー＆翼の翼？」「変わりすぎ」活動休止も経験した44歳元人気アイドル〝激変〟姿に「一瞬誰だか…」「健康的で何より」反響続々,https://news.yahoo.co.jp/articles/995ff339dc82f7363d7763dbf743afb88bd77c7b,11/25(火) 23:30
2025-11-26,03:10,TTL,総合,3,毎日新聞,「ブレイキングダウン」出場者を傷害容疑で逮捕　不倫疑い呼び出しか,https://news.yahoo.co.jp/articles/900d6af897fee0c0ffbb25f4140f0a5b8496cde9,11/25(火) 21:45
2025-11-26,03:10,TTL,総合,4,スポニチアネックス,人気ユーチューバー、靖国神社で撮影した動画が物議…のちに謝罪「知識不足でごめんなしゃい」,https://news.yahoo.co.jp/articles/e84b2fab22e69d1daab8653ad2c99e9960e582be,11/25(火) 22:18
2025-11-26,03:10,TTL,総合,5,スポニチアネックス,辻希美　18歳で25歳の杉浦太陽と出会い　どこで？に長女・希空ドン引き「結構半端ないね」,https://news.yahoo.co.jp/articles/bbdc43933b68d254d429e4dfd017c0068bf3a091,11/25(火) 22:33
2025-11-26,03:10,TTL,総合,6,イーファイト,「誰！？」で話題の小顔ラウンドガール再び！８頭身と笑顔に「最高の体です」,https://news.yahoo.co.jp/articles/bf8f0378c1a992e6d0664111b579ce8a9919a2e1,11/26(水) 0:46
2025-11-26,03:10,TTL,総合,7,東スポWEB,【ＡＣＬＥ】Ｊ１広島　中国での超厳戒アウェー戦〝疑惑の判定〟でＰＫ献上…解説者も思わず「いやいやいや」,https://news.yahoo.co.jp/articles/4300b858f4b2e06e1cd7278fa5fb869366b07b9d,11/25(火) 23:10
2025-11-26,03:10,TTL,総合,8,スポーティングニュース日本版,ロッテと違う扱い、中日で感じた「いらだち」…成功目前で誤算、ドラ1右腕が引退決断した舞台裏,https://news.yahoo.co.jp/articles/badb45ad2e7dd88f82e6d6b54037c92bd2a0a4d2,11/25(火) 7:10
2025-11-26,03:10,TTL,総合,9,スポニチアネックス,名古屋　“ミシャ”ペトロヴィッチ氏が来季監督の最有力候補,https://news.yahoo.co.jp/articles/1ed0a901c30627651d296b0b247c683bf46ca1fc,11/26(水) 1:00
2025-11-26,03:10,TTL,総合,10,スポーツ報知,市川團十郎の子ども２人が「成長してる」「顔変わった！」「手の組み方…」「麻央さんにそっくり」,https://news.yahoo.co.jp/articles/686f118251cdfc5deba47eed3cc404e7b7cc55d8,11/25(火) 11:35
2025-11-26,03:10,TTL,総合,11,西スポWEB OTTO！,「内田有紀史上で一番…」突然のバラエティ出演に騒然！人気女優〝50歳の短髪姿〟に「信じられない」「ビビる」「ちょっと理解が追いつかない」の声,https://news.yahoo.co.jp/articles/0468edd3b3587eca4f7e069ecd5b6a16603a2ba7,11/25(火) 23:20
2025-11-26,03:10,TTL,総合,12,読売新聞オンライン,観覧車が落雷で緊急停止し乗客９組２０人閉じ込め…大阪・吹田、４０人が手動で回転させ救出作業,https://news.yahoo.co.jp/articles/cb64135ecfe724ef1508c38c3e557956765d10ab,11/25(火) 23:38
2025-11-26,03:10,TTL,総合,13,西スポWEB OTTO！,運営スタッフと結婚！ 7人組グループメンバー「賛否両論あるかと…」直筆コメントで〝電撃婚〟報告にファン「ビックリ」「その分幸せに」「勇気ある決断」,https://news.yahoo.co.jp/articles/e9e334a7d330c239f393d7639776364ebf7aefd9,11/25(火) 23:00
2025-11-26,03:10,TTL,総合,14,西スポWEB OTTO！,〝浪速の摩天楼ガール〟20歳アイドル〝174センチの圧巻チャイナ服〟ショットに「エエ眺め〜」「色気が増してる」と反響,https://news.yahoo.co.jp/articles/b56add669272a5eed1f137279209f68ceab04279,11/25(火) 23:50
2025-11-26,03:10,TTL,総合,15,J-CASTニュース,立川志らく「日本人じゃないの？」SNS賛否→野党議員が一斉批判　「差別発言」「非国民扱い」,https://news.yahoo.co.jp/articles/0af2d9fe1a131e0980e43d6e606ab866865c4d49,11/25(火) 19:01
2025-11-26,03:10,TTL,総合,16,スポニチアネックス,古田新太、20年間食べてないものを明かし「えぇ～っ！！」の声　本人が持論「本当に食べないんだよ」,https://news.yahoo.co.jp/articles/34866ebfb7f4c3349d1a426937b50c50a0d17693,11/25(火) 19:50
2025-11-26,03:10,TTL,総合,17,ねとらぼ,「マイナス10度でも本当に暖かい」　ワークマンの“メリノウール”シリーズが大ヒット　「蒸れなくて快適」「上下で10数セット買ってます」「毎日着用」,https://news.yahoo.co.jp/articles/6397f327f90ec128f36221caf80832f5b9c39173,11/25(火) 21:45
2025-11-26,03:10,TTL,総合,18,スポニチアネックス,R－指定　新幹線はグリーン車以外NG　理由を妻・江藤菜摘が説明「曲で言っちゃってるから…」,https://news.yahoo.co.jp/articles/88af13b06a3a7f2a4ee2dad7dbf2c74911eed290,11/25(火) 22:13
2025-11-26,03:10,TTL,総合,19,毎日新聞,「クラウンに乗りたかった」　東京・足立の車暴走　男性、容疑を否認,https://news.yahoo.co.jp/articles/968858a4e5a491da908232d17897d1d3fcc0da8e,11/25(火) 20:24
2025-11-26,03:10,TTL,総合,20,J-CASTニュース,日本在住10年ロシア人YouTuber、高市政権の外国人政策厳格化に「大賛成」　「日本人が我慢を強いられるのはおかしい」,https://news.yahoo.co.jp/articles/5717fe49ca80ef0d2ef8e926a9502227da0bcab3,11/20(木) 15:15
2025-11-26,03:10,TTL,総合,21,スポニチアネックス,たぬかな、結婚していた　SNSで報告　生配信では入籍時期も説明　祝福殺到「おめでとう！」「幸あれ」,https://news.yahoo.co.jp/articles/61f09ed43a57d068c7dd9e2da1779692632f69ed,11/25(火) 22:33
2025-11-26,03:10,TTL,総合,22,産経新聞,川口市長選、元市長の次女の埼玉県議が出馬表明「不法滞在者は国の責任でお帰りいただく」　「移民」と日本人,https://news.yahoo.co.jp/articles/8b20affaf43a55cd3f79c53ef62b8e106ea0162a,11/25(火) 21:06
2025-11-26,03:10,TTL,総合,23,日刊スポーツ,DeNAからFA桑原将志が西武入り　日本ハムFAの松本剛は巨人へ　４選手未定/FA動向一覧,https://news.yahoo.co.jp/articles/9356e23cd2c27f28f81a17fd85fa4867ad1733bb,11/25(火) 21:01
2025-11-26,03:10,TTL,総合,24,ABCニュース,【速報】関空第1ターミナルビルで中国籍の20代男性が転落し死亡　道路の端の柵にぶら下がったような状態から転落か　母親らと旅行で来日　警察が状況調べる,https://news.yahoo.co.jp/articles/74e8de3002315a1e9ce99c967c82ceb26c188d7e,11/25(火) 15:43
2025-11-26,03:10,TTL,総合,25,NBS長野放送,「クマさんがいる」散歩中の園児が目撃　保育施設の職員が撮影した写真には背中を向けたクマらしき動物,https://news.yahoo.co.jp/articles/4942ac71cd2669e236ded850953d63c1848c34bb,11/25(火) 19:42
2025-11-26,03:10,TTL,総合,26,Full-Count,DeNA2軍にも足りなかった“がむしゃら”　左腕が指摘した現状…選手が次々提言,https://news.yahoo.co.jp/articles/830ae9370ce8f8fa1f5179445f1bdc3702e954cc,11/25(火) 19:43
2025-11-26,03:10,TTL,総合,27,BuzzFeed Japan,「まさかの受賞！ おめでとう」見取り図・リリーの報告に祝福の声「努力の結晶ですね」,https://news.yahoo.co.jp/articles/6466bd24f9448c8f826dae85c2bd98cee66383e8,11/25(火) 20:35
2025-11-26,03:10,TTL,総合,28,日刊スポーツ,【ベストナイン】阪神７人受賞も遊撃＆外野１枠は０票…課題浮き彫り、来季「８人目」誕生するか,https://news.yahoo.co.jp/articles/a32a827ee457a2a30637f467511ef44cab195946,11/25(火) 19:35
2025-11-26,03:10,TTL,総合,29,スポニチアネックス,【FA一覧】桑原将志獲得の西武　FA補強は10年ぶり4人目　流出は21人の“悲しい”歴史,https://news.yahoo.co.jp/articles/f42cfd6dd802e786b74e8c4e53e4da042177fb57,11/25(火) 18:53
2025-11-26,03:10,TTL,総合,30,オリコン,ジャンプ漫画家「結婚生活の大半が無職」　人気タレントの妻『さんま御殿』出演で暴露にビビる,https://news.yahoo.co.jp/articles/8e6a8bd596547f694cc0f644c5eee6b009ae40fa,11/25(火) 14:39
2025-11-26,03:10,TTL,総合,31,読売新聞オンライン,中国各地のレンガ工場、知的障害者ら強制労働…病状悪化し「高速道路に投げ捨てられた」,https://news.yahoo.co.jp/articles/3d22720df0db8c93bd68061e50596fb450300e87,11/25(火) 19:04
2025-11-26,03:10,TTL,総合,32,ねとらぼ,「すごくあたたかくてびっくり」　ユニクロの“アウター”がセール中！　「生地の光沢感が上品」「着ぶくれしない」【ユニクロ感謝祭開催中】,https://news.yahoo.co.jp/articles/6d2a04c60f98c1dd90fd50a4bd7495de22486422,11/25(火) 23:00
2025-11-26,03:10,TTL,総合,33,サンケイスポーツ,ヤンキースオーナーが大号令「日本選手の所属は重要」…マー君以降遠ざかる在籍　今井達也、村上宗隆の移籍先候補,https://news.yahoo.co.jp/articles/d2f54e5757c31d3856ec2afb33d9c6a6543ddf60,11/26(水) 1:52
2025-11-26,03:10,TTL,総合,34,ＳＢＣ信越放送,「くまちゃんがいた」散歩中の2歳園児が発見　クリ林に1頭のクマ…安全確保しながら園児怖がらないように「ワンちゃんだね…」と声かけて移動,https://news.yahoo.co.jp/articles/19f7bf1273cf608cb4264962817d96e3710a3c05,11/25(火) 20:36
2025-11-26,03:10,TTL,総合,35,スポニチアネックス,金爆・樽美酒研二45歳　原因不明の病告白　「これ酷い時」背中一面に…心配の声殺到,https://news.yahoo.co.jp/articles/66d0c8e7afda47664ae8f099bd55e1bc6a82c45c,11/21(金) 15:07
2025-11-26,03:10,TTL,総合,36,産経新聞,自衛隊「南西シフト」に噛みついた中国に小泉防衛相が反論　「情報戦」に政府は発信強化,https://news.yahoo.co.jp/articles/56f65a8f7f8fd4ddfefa2159627463340566d201,11/25(火) 22:39
2025-11-26,03:10,TTL,総合,37,食品産業新聞社ニュースWEB,『マクドナルドの福袋2026』は「Francfranc」と初コラボ、ビッグマックスープジャーなどグッズ3点に販売金額相当の無料券付き,https://news.yahoo.co.jp/articles/bb5a7606b8934795dd3864f20fdba8efa7c77f22,11/25(火) 11:06
2025-11-26,03:10,TTL,総合,38,デイリースポーツ,那須川天心、初黒星翌日に異例のラジオ生出演で本音「悔しい」と８度連呼　涙声で放送事故寸前「一人になりたくない」,https://news.yahoo.co.jp/articles/32fe2ae52cad2c9934af598aa92b092f4ecd0938,11/25(火) 23:33
2025-11-26,03:10,TTL,総合,39,スポニチアネックス,魔裟斗　那須川天心のボクシング初黒星にぼう然「初めての挫折じゃない？」最後はエールも,https://news.yahoo.co.jp/articles/1a89667448772b24cce240507b59a48cea242b5d,11/25(火) 21:50
2025-11-26,03:10,TTL,総合,40,西スポWEB OTTO！,「1日であの量食べたの？」突然のインスタ投稿全削除から1週間…セカオワFukase〝顔出し〟姿にファン騒然！「ヤバいヤバいヤバい」「毒入りケ一キとか…」「全国民待ってた！」,https://news.yahoo.co.jp/articles/7b8d9b01c774529bb9be3e9350bd3df51861e413,11/25(火) 23:20
