scrp_date,scrp_time,genre_en,genre_jp,rank,media_jp,title,link,date_original
2025-10-12,14:07,business,経済,1,関西テレビ,万博で1億5000万円売り上げた「とんかつ店」店主は会場に泊まり込み　ミラノ万博で活躍する料理人に憧れ5500万円工面して出店　“会場乗り継ぎ駅効果”売り上げ1.5倍になった居酒屋「ここもパビリオン」,https://news.yahoo.co.jp/articles/1570ca02d97c3a3a1f481a0b99544daddffa0a52,10/12(日) 11:00
2025-10-12,14:07,business,経済,2,ファイナンシャルフィールド,1000万円を超える預金は銀行にマークされる？ 宝くじや相続で大金が入ったときはどうすればいい？,https://news.yahoo.co.jp/articles/2c408195ae2363c69cd0234dea4da68b6728deb0,10/12(日) 12:20
2025-10-12,14:07,business,経済,3,ファイナンシャルフィールド,「公営住宅」に“夫名義”で住んでいましたが、先日夫が亡くなりました。相続人は私なのですが、公営住宅の「使用権」も相続できますか？,https://news.yahoo.co.jp/articles/74cf504168cbec968f02cfc8cc26aa9b060e6875,10/12(日) 13:10
2025-10-12,14:07,business,経済,4,みんかぶマガジン,元モルガン銀行東京支店長が警鐘「高市政権誕生でバブル崩壊を遥かに超える悲劇が始まろうとしている」,https://news.yahoo.co.jp/articles/11f3088276b700a914e143cb242fa71f699f762b,10/12(日) 12:10
2025-10-12,14:07,business,経済,5,TBS CROSS DIG with Bloomberg,トランプ流「ディール外交」に陰り、中国の反撃で脆さ露呈,https://news.yahoo.co.jp/articles/f3a040ff38fa32cdf686ec440e9c3cb4ff4bf09b,10/12(日) 4:02
2025-10-12,14:07,business,経済,6,ファイナンシャルフィールド,【2万円給付】自民党総裁選で「国民一律給付金」はどうなった？ 結局「住民税非課税世帯」は“1人あたり4万円”もらえるの!?「2万円給付金」の最新情報を解説,https://news.yahoo.co.jp/articles/c23ea79d5e38f876359ed6b9cebf8701f52d6df9,10/12(日) 13:30
2025-10-12,14:07,business,経済,7,くるまのニュース,「24時間無料」でも「車中泊」はやめて…。 道の駅やSA・PAの「トラブル」なぜ起きる？ 利用者の「残念すぎる勘違い」とは,https://news.yahoo.co.jp/articles/09239fb8a44cc254935c470d62bd64e781351bec,10/11(土) 9:10
2025-10-12,14:07,business,経済,8,鉄道コム,日本で最もホームが多い駅は？ 世界一は？,https://news.yahoo.co.jp/articles/9f3e2aca19e5dab735e93e09ab34dd60df3b8cba,10/12(日) 10:35
2025-10-12,14:07,business,経済,9,ファイナンシャルフィールド,【実録】「残クレ」って本当に損なの？「マツダCX-5」を残クレで契約し“5年”乗ってみた結果と感想…「総支払額」はいくらになった？,https://news.yahoo.co.jp/articles/cd06f32cca24eb9c21b1b1edaa89ad49e6df1e9a,10/12(日) 13:40
2025-10-12,14:07,business,経済,10,ファイナンシャルフィールド,子どもに「車道は危ないから」と、自転車でも“歩道”を走らせています。来年4月から「罰金6000円」と聞いたのですが、速度を出さなければ大丈夫ですか？「歩道通行」可能なケースとは,https://news.yahoo.co.jp/articles/c134f868e2bf8f036fd565bc35fb0a5ebff29ee1,10/12(日) 13:40
2025-10-12,14:07,business,経済,11,時事通信,広がる共働き、専業主婦はなぜ減った？◆選択迫られる女性、若者が考える夫婦のかたち＃令和に働く,https://news.yahoo.co.jp/articles/92a47936c86fff4a89dd81b8b45ed857b1558a10,10/12(日) 11:02
2025-10-12,14:07,business,経済,12,LIMO,なぜ65歳で「介護保険料」が上がるの？”地域によって“こんなに違う！保険料が「高い自治体・低い自治体」はどこ？,https://news.yahoo.co.jp/articles/8d81f2a42b248bca703ee7de0003566786aa4bc1,10/12(日) 11:11
2025-10-12,14:07,business,経済,13,ファイナンシャルフィールド,「通勤手当」の不正受給で“計1671万円”の定期代が返納された事例も！どのようなケースが該当？不正受給に当たらないよう「通勤手当」の注意点を改めておさらい,https://news.yahoo.co.jp/articles/7bd5abafedcc7753e6fe1062ea4f763f429b0772,10/12(日) 11:30
2025-10-12,14:07,business,経済,14,ファイナンシャルフィールド,よく「106万の壁」「130万の壁」「160万円の壁」って聞きますが、結局どの金額を超えると損するのでしょうか？,https://news.yahoo.co.jp/articles/431da241ea7fa426461e7af36ef61ba7ab107cd2,10/12(日) 12:40
2025-10-12,14:07,business,経済,15,AUTOCAR JAPAN,解体するには惜しいヴィンテージな「廃車」　20選　ジャンクヤード探訪記,https://news.yahoo.co.jp/articles/4f2c707ce66ab1f8331235f5dfc5d6b8ff3a67c5,10/12(日) 11:45
2025-10-12,14:07,business,経済,16,ファイナンシャルフィールド,日本の平均年収「478万円」だけど、わが家は「夫400万円・妻300万円」ほど…本当にそれだけ“稼ぐ人”が多いのでしょうか？ 最新の統計データをもとに確認,https://news.yahoo.co.jp/articles/ef546c4bc0e9c111fc156663a06832cd7602836b,10/12(日) 13:30
2025-10-12,14:07,business,経済,17,ファイナンシャルフィールド,祖父は「貯蓄3000万円」でも、住民税非課税世帯の“給付金対象”らしいです。年金は「月7万円」ですが、資産があっても受け取れるのでしょうか？,https://news.yahoo.co.jp/articles/f03621e9a7955da1063efbc89eb1a92e1efb9426,10/11(土) 13:30
2025-10-12,14:07,business,経済,18,LIMO,「10月は生命保険料控除が届く時期」1年限りの時限措置「子育て世帯、2026年分の控除額が最大6万円になる」とは？,https://news.yahoo.co.jp/articles/6fda5e2c0d8117a24d7dae87635184e9c5c72a69,10/12(日) 11:56
2025-10-12,14:07,business,経済,19,LIMO,【厚生年金と国民年金】「月額15万円以上受給している人」はどれくらいいる？《次の年金支給日は10月15日（水）》,https://news.yahoo.co.jp/articles/849457a9daf6b3684381c2ac380cb1655d7e0fb3,10/11(土) 14:26
2025-10-12,14:07,business,経済,20,LIMO,複利効果に期待！【NISA】毎月「3万円」の積立投資！もし「年3％」・「4％」で運用できたら「10年後・20年後・30年後」資産はいくらになる？,https://news.yahoo.co.jp/articles/066e6a5d6ba4a06b067c1a0d833a4f62032e4397,10/12(日) 12:16
2025-10-12,14:07,business,経済,21,TBS CROSS DIG with Bloomberg,連立崩壊の影響とは、首相の座を目指す高市氏の前途は多難-QuickTake,https://news.yahoo.co.jp/articles/ddcd722567d3e395c491b05a26c6980d687c2477,10/12(日) 5:32
2025-10-12,14:07,business,経済,22,ファイナンシャルフィールド,定年後は憧れの「ハーレー」を購入してツーリングをしたいという夫。貯金と退職金あわせて2000万円ほどしかありませんが、バイクを購入しても今後生活できるでしょうか？,https://news.yahoo.co.jp/articles/a573f12c4aba9aaf87e197431ce30bc1b8053b77,10/11(土) 13:10
2025-10-12,14:07,business,経済,23,AUTOCAR JAPAN,CX-60ディーゼルを通じて考えるマツダの現在地と未来【日本版編集長コラム#51】,https://news.yahoo.co.jp/articles/809606b94090f61e3b9fd8266834f05e8367ff32,10/12(日) 12:05
2025-10-12,14:07,business,経済,24,乗りものニュース,「東京駅と御殿場駅を結ぶJR特急」がいよいよ運転！ 品川駅と横浜駅にも停車 富士エリアへ乗り換えなし,https://news.yahoo.co.jp/articles/03a978b2b86a1525cf7574cce15c8123f50c3a15,10/12(日) 10:42
2025-10-12,14:07,business,経済,25,ファイナンシャルフィールド,私の手取りは17万円なのに、パートさんの時給は1500円…。正社員って本当に得なのかと考えてしまいます。,https://news.yahoo.co.jp/articles/bf6c5a68ebb5b2b3981928ec1018b804b4d09c6e,10/10(金) 7:50
2025-10-12,14:07,business,経済,26,Merkmal,日産e-POWERが「PHV市場の主役」を奪う？ 赤字再建の日産、独自技術で世界電動化を塗り替えるのか,https://news.yahoo.co.jp/articles/d08e09e6531a19132ba26c9ba7f37ecf83cbb149,10/12(日) 11:51
2025-10-12,14:07,business,経済,27,テレビ朝日系（ANN）,日本一うまい道の駅グルメは？　「道ー1グランプリ2025」開催　前橋“幻の果実”も,https://news.yahoo.co.jp/articles/07b7d589bcf9fb11098db06bf2893302f6d7de29,10/12(日) 11:01
2025-10-12,14:07,business,経済,28,Finasee,2年半で資産価値は2倍超！ S&P500を一貫して上回る成績のアクティブが野村證券ランキングで首位継続,https://news.yahoo.co.jp/articles/36096267b7cc7c4aab76dcc9c8545bb618e5b511,10/12(日) 13:30
2025-10-12,14:07,business,経済,29,LIMO,老後の平均「みんないくらで生活している？」65歳以上でリタイア後の夫婦世帯「貯蓄額・月の生活費・年金月額」平均一覧,https://news.yahoo.co.jp/articles/737756b70ca5b8355be4d24c7b5ea45a3c389e39,10/10(金) 11:21
2025-10-12,14:07,business,経済,30,Bloomberg,暗号資産市場で過去最大の強制清算、トランプ氏の対中追加関税表明で,https://news.yahoo.co.jp/articles/ab63e6c1a01055b840efd666831e8577e0cd10d7,10/11(土) 12:12
2025-10-12,14:07,business,経済,31,ファイナンシャルフィールド,定年まであと“5年”なのに、貯金が「300万円」しか貯まっていません。50～60代で「2000万円」以上貯めている人は、実際どのくらいいるのでしょうか？,https://news.yahoo.co.jp/articles/d06537d76b58d223227826797f9ca6c0606ccd43,10/11(土) 11:30
2025-10-12,14:07,business,経済,32,くるまのニュース,ダイハツの「“軽”スポーツ“コンパクト”」ミライースGRスポーツが話題に！ 720kgの「軽量ボディ」×ターボエンジン採用に「待ち望んでいた」声も！ MTも搭載の「コンセプトモデル」とは,https://news.yahoo.co.jp/articles/8d90e075927449e266ac10bde9c1639c86820526,10/12(日) 10:10
2025-10-12,14:07,business,経済,33,乗りものニュース,“戦車のような軍用車両”世界的な注目度が高まり「戦車と同じ新型砲」を搭載して登場 新型のフリして実は超ベテラン!?,https://news.yahoo.co.jp/articles/625d12c676a4b76d88f32734d87ff4fee2642990,10/12(日) 8:42
2025-10-12,14:07,business,経済,34,ファイナンシャルフィールド,30代独身で貯蓄は「200万円」ですが、同年代の友人は「700万円」らしいです…。平均に近いのはどっち？ 効率よく貯蓄を増やすコツも紹介,https://news.yahoo.co.jp/articles/2c2df6798477f638e49e2244e6340d285ebb6afe,10/12(日) 11:20
2025-10-12,14:07,business,経済,35,Finasee,データで判明した「貯蓄率が高い」人はどんな人？,https://news.yahoo.co.jp/articles/2283fec74609dea9ec11694563c6ce4860931070,10/11(土) 19:50
2025-10-12,14:07,business,経済,36,ファイナンシャルフィールド,妹に「夫がアルファード買った」と聞きビックリ！ 新車「500万円」以上しますが、普通の“会社員夫婦”でも買えるものなのでしょうか？ データをもとに解説,https://news.yahoo.co.jp/articles/d1fe66d111c69ece50ee8491eb2991048534618c,10/7(火) 13:40
2025-10-12,14:07,business,経済,37,みんかぶマガジン,資産2億円超のFIRE投資家が教える「不確実な時代」を乗り切る戦い方と厳選銘柄を公開,https://news.yahoo.co.jp/articles/e36e9c9ccefd36664466d6cd16bb5c23b8a6546b,10/12(日) 12:10
2025-10-12,14:07,business,経済,38,みんかぶマガジン,くだらねえ揚げ足取り…「馬車馬のように働く派」「ワークライバランス派」実証データではどっちが正しいか…経済誌元編集長が分析,https://news.yahoo.co.jp/articles/bcb71ea5488144bf8a6ff722eff1200c105b29f6,10/12(日) 9:10
2025-10-12,14:07,business,経済,39,LIMO,10月支給分の年金から「振込額」が変わる人に「年金振込通知書」が届く！年金から天引きされる主な税金・保険料とは,https://news.yahoo.co.jp/articles/63dbe0eaf7cf443b8b5db1006f70e96f5f22568f,10/12(日) 6:46
2025-10-12,14:07,business,経済,40,くるまのニュース,軽自動車より安い!? “100万円”「アルファード」どんなモデル？ 人気の「高級ミニバン」中古ならお買い得か,https://news.yahoo.co.jp/articles/7ec33a6b2f360d2dde9b51340a9f467773e783d3,10/12(日) 6:10
