scrp_date,scrp_time,genre_en,genre_jp,rank,media_jp,title,link,date_original
2025-01-03,06:05,TTL,総合,1,デイリースポーツ,「女子アナが自ら性接待」人気女性アナリストが目撃した衝撃飲み会を具体的証言「今もテレビに出てる人が　ありえないことを」,https://news.yahoo.co.jp/articles/23846e935b3654f5ccdfd47044f8a602391fe845,1/2(木) 23:08
2025-01-03,06:05,TTL,総合,2,スポニチアネックス,GACKT「謝るなよ」　“映す価値なし”でDAIGOと鬼龍院にメッセージ「むしろコイツら…」,https://news.yahoo.co.jp/articles/b323dc4be3e3e6da0104af16315f4a331f53affd,1/2(木) 22:38
2025-01-03,06:05,TTL,総合,3,西スポWEB OTTO！,「えっ、お義父さんだったの!?」新婚山本舞香の家族3ショットが話題、〝超大物〟歌手に肩を抱かれ笑顔「この3ショットはエグい」,https://news.yahoo.co.jp/articles/43a5c86b6e6c642cf243500187a87bd3b9c511e5,1/2(木) 23:10
2025-01-03,06:05,TTL,総合,4,スポニチアネックス,25年に世界経済が歩む最悪のシナリオ　森永卓郎氏が予測「引き金を引くのは日本だと思っている」,https://news.yahoo.co.jp/articles/aaad80aa1730aa69da8d73f371dfa9cde868a8b2,1/2(木) 22:56
2025-01-03,06:05,TTL,総合,5,Hint-Pot,「また来たいかと言われたらごめんなさい」　ドイツ人やアメリカ人、オランダ人がこぼした日本への本音　改善してほしいこととは,https://news.yahoo.co.jp/articles/375b4ef33cd3459d7ef5dd10eb09fc07aee37d00,1/2(木) 6:10
2025-01-03,06:05,TTL,総合,6,日テレNEWS NNN,珠洲は今──1年たっても「まだ水が出ない」「相当異常」　再建から10日で…2度目の自宅被害、“思い出の場所”で迷う心,https://news.yahoo.co.jp/articles/0af4cb3d8f0cab571176ac2ec5fd8a789d700aad,1/2(木) 13:09
2025-01-03,06:05,TTL,総合,7,ENCOUNT,『格付け』GACKTが着用の“国産”腕時計にネット注目「かっけぇー！」「意外に安い…？」,https://news.yahoo.co.jp/articles/36eacef2be7bcc2846a801fc9179430e92ab751b,1/2(木) 15:00
2025-01-03,06:05,TTL,総合,8,イーファイト,大人気だったミス・コリア出身のラウンドガール、昨年9月に急死も新年に続く偲ぶ声,https://news.yahoo.co.jp/articles/d340c6206fb77eb347c443c7d3558e2dfebc9726,1/2(木) 22:29
2025-01-03,06:05,TTL,総合,9,スポニチアネックス,東野幸治　ヒロミと若槻千夏がTVから消えたのち再ブレークした理由を語る「はっきり言います」,https://news.yahoo.co.jp/articles/499651bd6c52c42840b2972013cfd03e2cf52f2f,1/2(木) 20:37
2025-01-03,06:05,TTL,総合,10,オリコン,井上真央、なんと「これが仕事始めで仕事終わり」　暮らしは素朴“3つの行動”,https://news.yahoo.co.jp/articles/4098519973a15b0d86bbab7a1018fc43f4058216,1/2(木) 18:45
2025-01-03,06:05,TTL,総合,11,J-CASTニュース,「フジテレビ潰れます」「Aプロデューサーって誰？」　太田光が大暴れ、フジ特番で「放送事故のようなネタ」,https://news.yahoo.co.jp/articles/11e5d62a8cc2a69a4ecf08156d46056d10c26bc3,1/2(木) 18:15
2025-01-03,06:05,TTL,総合,12,デイリースポーツ,青学大　原晋監督がレース後に見せたワンシーン　若林の異変を真っ先に察知→飴とドリンク手渡し気遣う　選手も即座に行動　総合力の源か,https://news.yahoo.co.jp/articles/1f1657699b91be87a1a3cf5320c236811e7ae678,1/2(木) 17:00
2025-01-03,06:05,TTL,総合,13,中日スポーツ,角田夏実、衝撃的な強さにネットふるえあがる　柔道柔術経験の芸能人4人に圧勝「キレイで強い！」「まじ男前」　観戦の五輪アスリートも驚き,https://news.yahoo.co.jp/articles/b09117744bc5587e43cd92979261bbd0eff32027,1/2(木) 20:12
2025-01-03,06:05,TTL,総合,14,デイリースポーツ,やす子　フワちゃん騒動を初告白「被害妄想になって病んでしまった」「まわりの芸人も誹謗中傷しているかと落ち込んだ」,https://news.yahoo.co.jp/articles/3c8bdf0a30727e5761cf5baf2a443a6191b05fd1,1/2(木) 16:52
2025-01-03,06:05,TTL,総合,15,Full-Count,中日の戦力外“乱獲”は成功だった？　15の0で2度目の通告、出場ゼロから復活も…4人の明暗,https://news.yahoo.co.jp/articles/9f2b2ed0cb67bc709c9c6d62879cb5f593cf76a8,1/2(木) 18:48
2025-01-03,06:05,TTL,総合,16,All About,こんな10円玉があるの!? 一見“偽物”のようにも見える10円玉が「6500倍」の価値に大化けしたワケ,https://news.yahoo.co.jp/articles/5c20f3c596bbe0a52f499585785025324cd6c184,1/2(木) 21:50
2025-01-03,06:05,TTL,総合,17,東スポWEB,離脱、逮捕、不倫…崩壊したレペゼン　10億円負債のＤＪ社長「最後の一手」,https://news.yahoo.co.jp/articles/e1620604b8f34614ee42c84ce5de89efbb856801,1/2(木) 18:16
2025-01-03,06:05,TTL,総合,18,デイリースポーツ,箱根駅伝バイクカメラ接近で波紋　選手が怒り露わ「どけ！」手で払う仕草　ＳＮＳも苦言「カメラ邪魔すぎる」,https://news.yahoo.co.jp/articles/02cbe7771abbe3d75f3a67d47b9f867e03782e28,1/2(木) 18:18
2025-01-03,06:05,TTL,総合,19,Hint-Pot,妻がいわゆる“ピーナッツ親子”です。初詣に義母と待ち合わせをしたところ待たせてしまい、大激怒されました。それ以降、夫婦関係がとてもぎくしゃくしています。,https://news.yahoo.co.jp/articles/0c5fde2fd3ac3967151b3ab40dbcd03f984e7edd,1/2(木) 13:10
2025-01-03,06:05,TTL,総合,20,読売テレビ,【何が…】斎藤知事をめぐるパワハラ疑惑、公益通報、不信任、SNS選挙と再選…激動の兵庫県政の裏側 「公選法違反」「百条委員会」「情報流出疑惑」2025年も続く余波,https://news.yahoo.co.jp/articles/96e2060f17ca2ef5b89458a07572aef0641b62e1,1/2(木) 10:00
2025-01-03,06:05,TTL,総合,21,みんかぶマガジン,「1ドル500円になる」元モルガン銀行東京支店長が日本に最終警告！「お札が紙切れになる日はもうすぐくる」…円安はもう止められない,https://news.yahoo.co.jp/articles/5af358e4b1179ca071b7e72810732078cf03e52c,1/2(木) 17:10
2025-01-03,06:05,TTL,総合,22,ファイナンシャルフィールド,実家に帰省したら、祖母が「税金対策だ」と12月31日と1月1日に「100万円」ずつくれました。1日ずらすことに、何か意味はあるのでしょうか…？,https://news.yahoo.co.jp/articles/5a8b32cd22c458c8d2d802ca4529b79f8114fb6f,1/2(木) 11:30
2025-01-03,06:05,TTL,総合,23,デイリースポーツ,アイドルの妻女優４８歳　久々バラエティ出演で「すっげえ綺麗な人と思ったら」ネット驚がく「むっちゃ優しい顔に」「美しさにびっくり」,https://news.yahoo.co.jp/articles/a5a03d949f1027e831073fb49dc73bd1570a0a82,1/2(木) 17:29
2025-01-03,06:05,TTL,総合,24,産経新聞,ロシア、ウクライナに「もし勝利」でも大損失が確実　地政学・軍事・経済の全てで〝赤字〟,https://news.yahoo.co.jp/articles/3b3037393515a1f959b0b79dd4471693dea7b3ae,1/2(木) 15:28
2025-01-03,06:05,TTL,総合,25,スポーツ報知,【箱根駅伝】青学大の太田蒼生が婚約指輪を披露　最後に新たな伝説を残す,https://news.yahoo.co.jp/articles/ef136c78ee275711658b95078373ca6fd6156a40,1/2(木) 16:34
2025-01-03,06:05,TTL,総合,26,朝日新聞デジタル,「不登校とかんしゃく」母親が児相に相談　海老名の小中学生3人死亡,https://news.yahoo.co.jp/articles/9b4b6bea07c76988fb106e372700990209e12bdb,1/1(水) 8:20
2025-01-03,06:05,TTL,総合,27,Hint-Pot,ホテルのベッドの折り込まれたかけ布団　どう寝るのが正しい？　ホテルスタッフに聞いた“正解”とは,https://news.yahoo.co.jp/articles/c6fc950dbacb1b8b906b4ce95ea1494ec897072a,1/2(木) 12:10
2025-01-03,06:05,TTL,総合,28,日刊スポーツ,【箱根駅伝】創価大・吉田響、私利捨て「花の２区」で日本人歴代最速　大学を変え、人生変えた,https://news.yahoo.co.jp/articles/08cfa8f46599b6a4aecfe2bd507779ada174d0e1,1/2(木) 20:10
2025-01-03,06:05,TTL,総合,29,オリコン,サンドウィッチマン伊達「1回がんになってます」サラッと明かし周囲驚き「ホンマに？」,https://news.yahoo.co.jp/articles/3583a094d45fc2f24aae03def2065699eb96658c,1/3(金) 5:00
2025-01-03,06:05,TTL,総合,30,Full-Count,相思相愛なのに…ド軍とテオの再契約が2か月かかった理由、真相激白「お金じゃない」,https://news.yahoo.co.jp/articles/9136bb99019abd4373300db9e5448aa5cbb7108d,1/2(木) 20:37
2025-01-03,06:05,TTL,総合,31,スポニチアネックス,「格付け」GACKTとともに全問正解の人気俳優に称賛　「来年は組めばよいかも」チーム結成期待の声も,https://news.yahoo.co.jp/articles/377abf958dd81e92b2be35ba7405eb6980102206,1/1(水) 21:24
2025-01-03,06:05,TTL,総合,32,西スポWEB OTTO！,「どういうショットだよ」素顔非公開15歳女子高生シンガーの紅白歌合戦オフショットが大反響「髪の毛くるくるとリボンが良すぎ」,https://news.yahoo.co.jp/articles/7e9bbdfb404399b41dd90c0cba962d673531f025,1/2(木) 23:30
2025-01-03,06:05,TTL,総合,33,Hint-Pot,フランスでは「絶望的」　フランス人が感じた日本との災害に対する意識の違い　日頃から備えていることとは,https://news.yahoo.co.jp/articles/5d4a737149dee0a948b7dd0cdf6a2697f92e1bc1,1/2(木) 14:17
2025-01-03,06:05,TTL,総合,34,読売新聞オンライン,「奇跡」の３７９人脱出、炎上・大破のＪＡＬ機撤去作業に富山からプロ集団,https://news.yahoo.co.jp/articles/7e89e4a3fe1a18f876eca948215db06992bf7912,1/3(金) 5:00
2025-01-03,06:05,TTL,総合,35,KOREA WAVE,「最後の瞬間にもコックピットのパネルに手を」…韓国・旅客機の機長、ギリギリの姿に“胸が詰まる”,https://news.yahoo.co.jp/articles/38299bf0c359f4db296e0588c87ba9a7230f7cec,1/2(木) 8:22
2025-01-03,06:05,TTL,総合,36,RSK山陽放送,じゅうたんから虫がわく!?「カーペットビートル」と呼ばれるカツオブシムシの生態や予防法を専門家が解説,https://news.yahoo.co.jp/articles/8a1b3fe2be9fd5d654a14f8d891343bb97c9e9b9,1/2(木) 18:02
2025-01-03,06:05,TTL,総合,37,スポニチアネックス,C大阪がアーセナルの元イタリア代表MFジョルジーニョ獲り　Jリーグ入り実現なるか!?,https://news.yahoo.co.jp/articles/4b53ba9c95ea798896159902a014b6f91f775faa,1/3(金) 0:00
2025-01-03,06:05,TTL,総合,38,弁護士JPニュース,米国で日本人「入国拒否」続出、F1ドライバー角田選手もトラブルのなぜ…空港の審査官に“疑われがち”な条件・傾向はある？,https://news.yahoo.co.jp/articles/d80c902d18d3f9b574761e48fecd4e07344317fe,1/2(木) 9:30
2025-01-03,06:05,TTL,総合,39,ENCOUNT,『さんまのまんま』人気女優の着物姿が「あまりにも綺麗」「次元が違う美しさ」,https://news.yahoo.co.jp/articles/93f7a71c9162210f2c26e123cc28a5cec63aedd3,1/2(木) 19:28
2025-01-03,06:05,TTL,総合,40,スポニチアネックス,マヂラブ野田　先輩芸人にガチ説教され一触即発「お前こそ、ずっとネタ変わってねぇじゃねぇか！」,https://news.yahoo.co.jp/articles/8f0944c65194b9c5c4250611142e5bf3cb769e25,1/2(木) 19:22
