scrp_date,scrp_time,genre_en,genre_jp,rank,media_jp,title,link,date_original
2025-09-23,06:06,business,経済,1,乗りものニュース,「高くても」国産EVバス、京王が大量導入へ 中国製から“路線転換” バス会社の本音を聞いた,https://news.yahoo.co.jp/articles/16537af0ba5705a1506282c37f81abb96a184cf9,9/22(月) 9:42
2025-09-23,06:06,business,経済,2,ファイナンシャルフィールド,「高卒で自衛隊に入る」という息子。民間企業に就職するより“高年収”ですか？「生涯年収」はどれだけ違うのでしょうか？,https://news.yahoo.co.jp/articles/5c44239dd2109a8df76c3a5ae81d2c6d140a0dc9,9/22(月) 13:40
2025-09-23,06:06,business,経済,3,ファイナンシャルフィールド,近所のイオンは駐車場が「2時間無料・以降30分200円」です。夫が「出庫してもう一度入庫すればタダ」と言うのですが、これって“マナー違反”ですよね？,https://news.yahoo.co.jp/articles/7c655f127a64576ac2d93c85bfbbfc41c64da234,9/20(土) 13:30
2025-09-23,06:06,business,経済,4,ITmedia ビジネスオンライン,最高益だが客離れ……CoCo壱、“物議の値上げ”は成功か失敗か？,https://news.yahoo.co.jp/articles/88511065930d7c4a33ab07138a47e6fb31fb1cf1,9/22(月) 5:10
2025-09-23,06:06,business,経済,5,ファイナンシャルフィールド,旅行でホテルを予約した際に宿泊費「8000円」を支払ったのに、当日ホテルで「予約が入っていない」と言われました。この場合、支払った8000円は戻ってくるのでしょうか？,https://news.yahoo.co.jp/articles/4014e0aa7a10b14b597e251f54189e47278b6360,9/22(月) 13:20
2025-09-23,06:06,business,経済,6,くるまのニュース,スズキが「Sマーク」22年ぶり刷新！ デジタル時代に対応したデザインに！ 鈴木社長「これからの時代に向けた挑戦」 新規採用モデル「JMS2025」で公開へ,https://news.yahoo.co.jp/articles/c601c8986f3116d5f99644767be8757cda43e839,9/22(月) 11:29
2025-09-23,06:06,business,経済,7,くるまのニュース,なぜコンビニは「前向き駐車」が推奨？ 出るときにラクな「バック駐車」はどうしてダメなの？ 店舗がお願いする“切実”な理由と守らなかった際の「悪影響」とは,https://news.yahoo.co.jp/articles/94aca7f2022c853a78e0bd896652940e2ce9bcd9,9/22(月) 11:40
2025-09-23,06:06,business,経済,8,くるまのニュース,国交省「総点検」指示！ 中野大臣「必要な指導を…」 全国で「電気バス」が続々使用停止に！ “EVモーターズ・ジャパン”が扱うモデルに何が起きているのか,https://news.yahoo.co.jp/articles/f97747d26ecc65f20160810328402fcc6a93b9ad,9/22(月) 12:20
2025-09-23,06:06,business,経済,9,ファイナンシャルフィールド,70歳を超えた両親は、いまだに働いています。貯金は「1000万円」ほどあるようなのですが、働かないと生活していけないのでしょうか？,https://news.yahoo.co.jp/articles/f503b47c4fc3649a5556b19a8c473810e0b5d5ec,9/22(月) 11:32
2025-09-23,06:06,business,経済,10,読売新聞オンライン,スズキがエンブレムを２２年ぶり刷新、平面的なデザインに…スマホなどでの視認性ＵＰ狙い,https://news.yahoo.co.jp/articles/2c8bb96691818ae1c3727edf4c9e0d729519438b,9/22(月) 16:23
2025-09-23,06:06,business,経済,11,みんかぶマガジン,手っ取り早くすぐに「月5万円」稼げる“ほぼ唯一の副業”を伝説のフリーランサーが告白 必要な準備期間はたったの2週間,https://news.yahoo.co.jp/articles/08bf8855d46d6ae0cd0ab1f50dd946be64516adb,9/22(月) 19:10
2025-09-23,06:06,business,経済,12,LIMO,【後期高齢者医療制度】2025年10月から「2割負担」への配慮措置が終了！医療費が高くなる人とは,https://news.yahoo.co.jp/articles/5e07c5d19dc9e54f2e34b35468c1d9eb33b6f7da,9/22(月) 11:51
2025-09-23,06:06,business,経済,13,Bloomberg,ポーランド首相、ロシア機の領空侵犯に警告－撃墜「議論の余地なし」,https://news.yahoo.co.jp/articles/a56a951c13cba770f8e99e85f3b5546a06a25418,9/23(火) 1:32
2025-09-23,06:06,business,経済,14,くるまのニュース,「NHKの制度見直しのきっかけに…」 静岡県沼津市の職員に対し、市が払った「カーナビ等のNHK受信料」の返還を求める住民監査請求、なぜ？,https://news.yahoo.co.jp/articles/d05d9a46dc03584eb5f89b60bfac0cc981a0aba9,9/22(月) 17:30
2025-09-23,06:06,business,経済,15,ファイナンシャルフィールド,イオン株が「株式分割」で3分の1に！ これまで「イオンシネマ」を1000円で見るために“50万円”必要でしたが、今後はもっと安く株主になれる？ 優待内容も確認,https://news.yahoo.co.jp/articles/5fb3d3ec149c090ad00ff790c8f23f9af8f8dcad,9/22(月) 13:40
2025-09-23,06:06,business,経済,16,くるまのニュース,スズキ新型「コンパクトSUV」イービターラ発売へ！ 美しすぎる高級インテリアに「いい意味で“らしくない”」と反響も！ ブランド初の「新型モデル」がスゴい！,https://news.yahoo.co.jp/articles/5b4226e2d4b401d33199ea6ee7ea073d5afa3313,9/15(月) 21:10
2025-09-23,06:06,business,経済,17,TBS CROSS DIG with Bloomberg,ビザ混乱で離陸前の機内騒然、エミレーツ機乗客が降機希望し大幅遅延,https://news.yahoo.co.jp/articles/90e4f844600ac0f68cc244e85fad053944ac2898,9/23(火) 1:33
2025-09-23,06:06,business,経済,18,Bloomberg,コストコでの買い物禁止、国連総会でNY訪れるイラン人に新たな米規制,https://news.yahoo.co.jp/articles/8be0c77dca25273a2b93f918bfe7a4e02bd3482e,9/23(火) 4:59
2025-09-23,06:06,business,経済,19,Finasee,「なぜ自分を捨てた親の尻拭いを？」母と生き別れ35年、突然発生した相続税の申告義務に41歳男性が抱いた怒り,https://news.yahoo.co.jp/articles/2098915de27f141b749d75f337a761d3dd13d9f8,9/22(月) 11:52
2025-09-23,06:06,business,経済,20,帝国データバンク,2025年の休廃業・解散、年間7万件超えペース　過去最多を大幅更新へ　「余力あるうち」の円満廃業が広がる,https://news.yahoo.co.jp/articles/dd29b5b90d52c1415b674e9e5a8e25481da943d7,9/22(月) 10:00
2025-09-23,06:06,business,経済,21,産経新聞,PAを何カ所も探し… 深夜の高速道路で休む場所がないトラック運転手の苦悩と異様な光景,https://news.yahoo.co.jp/articles/8e9757830fb0c1fcb438abed8302f3a534786994,9/22(月) 22:00
2025-09-23,06:06,business,経済,22,くるまのニュース,トヨタ「新ノア」発売！ 光るメッキグリル＆一文字LEDがブルーに輝く「リアスポイラー」がカッコいい！ 車内も青く照らす「斬新ドレスアップ」とは！,https://news.yahoo.co.jp/articles/c93ba71f7456ab7f8bef71a447933e86101559be,9/22(月) 10:10
2025-09-23,06:06,business,経済,23,TBS CROSS DIG with Bloomberg,H-1Bビザ高額手数料、医療界にも波紋-米政権は医師免除の可能性示唆,https://news.yahoo.co.jp/articles/1dbaf748b0b666d46b051fe980f759f7e17ccc3a,9/23(火) 1:33
2025-09-23,06:06,business,経済,24,共同通信,NY株式　　22日終値,https://news.yahoo.co.jp/articles/e268c2c39bdf6c1e33b670877c2190ebd50f1c41,9/23(火) 5:40
2025-09-23,06:06,business,経済,25,共同通信,為替相場　　23日（日本時間　6時）,https://news.yahoo.co.jp/articles/39f66c6461805a156daadd923df03d21fb6150a3,9/23(火) 3:00
2025-09-23,06:06,business,経済,26,テレビ朝日系（ANN）,「東京の西」が人気移住先に　青梅やあきる野、若者が注目　広々3DKが家賃6万2千円,https://news.yahoo.co.jp/articles/4b78df6e83b9b853b446cc6040f233d4239d6c62,9/22(月) 12:16
2025-09-23,06:06,business,経済,27,くるまのニュース,1リッターで「23km以上」走れるってサイコー！ めちゃ燃費が良い“コスパ最強”の「中型ミニバン」トップ3,https://news.yahoo.co.jp/articles/495e8e11cce8a488fa0b5125eace69fa83fb333d,9/21(日) 18:10
2025-09-23,06:06,business,経済,28,共同通信,エヌビディア、オープンAIに最大15兆円,https://news.yahoo.co.jp/articles/34ecd34e3436869818368313d7fd15933c4803ea,9/23(火) 4:06
2025-09-23,06:06,business,経済,29,くるまのニュース,山形を横断する「過酷な国道」新たなバイパスが開通へ！ 庄内〜最上間の「超貴重ルート」 酒田市内が快適に 「安田バイパス」10月に全通,https://news.yahoo.co.jp/articles/0331efee344fc8ccf1581314017ab3950d110cab,9/22(月) 7:05
2025-09-23,06:06,business,経済,30,ファイナンシャルフィールド,「まだ3年しか乗ってないのに…」新車の「CR-V」を手放し、「アルファード」に買い替えた息子。残クレでの“早期買い替え”は本当に得なのでしょうか？,https://news.yahoo.co.jp/articles/badd3917706d81d3e441a1e1e2f64662fcc4a316,9/22(月) 13:40
2025-09-23,06:06,business,経済,31,GetNavi web,【2025年版】玄関の防犯カメラ・ドアホンおすすめは？ 違いを比較！ 設置方法から費用まで徹底解説,https://news.yahoo.co.jp/articles/18e4036749c41a1410ea741075664925507da24b,9/22(月) 12:40
2025-09-23,06:06,business,経済,32,信濃毎日新聞デジタル,ほぼ最低賃金→一気に1200円超　イオンモール開業で地方都市のバイト・パート時給増加率が全国トップ　街の店、人材流出防ぐためか,https://news.yahoo.co.jp/articles/8aef79fab1e3daf0599627e5d11adb60e112fdb9,9/22(月) 6:30
2025-09-23,06:06,business,経済,33,carview！,発売から10年経った「CX-3」。ディーゼル設定も、HEVナシ＆大幅テコ入れナシで販売は低迷…新型登場は27年か,https://news.yahoo.co.jp/articles/1b3f946c724d90e91fc4a23be074e02e7c826c08,9/22(月) 9:00
2025-09-23,06:06,business,経済,34,LIMO,【70歳代の単身世帯】「平均貯蓄額・中央値」はいくらか？「高齢者のおひとりさま世帯」65歳以上がいる世帯で最多に,https://news.yahoo.co.jp/articles/3a8946bdd9ede5481c3e21dc8a1251591dea09f3,9/22(月) 14:16
2025-09-23,06:06,business,経済,35,ファイナンシャルフィールド,夫の扶養（第3号）ですが、パートでも「厚生年金」に加入することになりました。月々の“負担額”はいくら？,https://news.yahoo.co.jp/articles/f9398715a9653bdff81c68bdc7907b93085bf8cb,9/21(日) 8:30
2025-09-23,06:06,business,経済,36,Webikeプラス,登場から40年が経っても色褪せない“魔神”。当時最強の145PSを叶えたヤマハ渾身の「Vmax1200」に試乗【元バイク販売店営業インプレ】,https://news.yahoo.co.jp/articles/d0673a7300631681203e2518bb02308cf86999c0,9/22(月) 18:40
2025-09-23,06:06,business,経済,37,ファイナンシャルフィールド,67歳の父の死後、母が「年金ほとんど受け取れなかった」とポツリ…結局父は「払い損」だったのでしょうか？“受給額と支払額”を比較,https://news.yahoo.co.jp/articles/8a26124c503c30c0f4f96110f5fdf66cb9d4f47e,9/21(日) 13:40
2025-09-23,06:06,business,経済,38,LIMO,【元銀行員が教える】定年後に「お金で困らない人」の5つの共通点,https://news.yahoo.co.jp/articles/99d69f563a86ba0748963f211dbb136f8c78872d,9/20(土) 8:46
2025-09-23,06:06,business,経済,39,ロイター,米エヌビディア、オープンＡＩに最大1000億ドル投資へ,https://news.yahoo.co.jp/articles/5a5688054f1ee66015c69b47b81e4d1d878f66d4,9/23(火) 3:39
2025-09-23,06:06,business,経済,40,Bloomberg,ドンキ創業者、注目集まる資産と事業の承継－24歳息子が昨年取締役に,https://news.yahoo.co.jp/articles/2ea76d7faa9229162f38235f048e8c9050f0aca6,9/22(月) 10:35
